2024-01-01	1	1	1	1	1	2024	0	元旦
2024-01-02	1	2	2	1	1	2024	1	
2024-01-03	1	3	3	1	1	2024	1	
2024-01-04	1	4	4	1	1	2024	1	
2024-01-05	1	5	5	1	1	2024	1	
2024-01-06	1	6	6	1	1	2024	0	
2024-01-07	1	7	7	1	1	2024	0	
2024-01-08	2	1	8	1	1	2024	1	
2024-01-09	2	2	9	1	1	2024	1	
2024-01-10	2	3	10	1	1	2024	1	
2024-01-11	2	4	11	1	1	2024	1	
2024-01-12	2	5	12	1	1	2024	1	
2024-01-13	2	6	13	1	1	2024	0	
2024-01-14	2	7	14	1	1	2024	0	
2024-01-15	3	1	15	1	1	2024	1	
2024-01-16	3	2	16	1	1	2024	1	
2024-01-17	3	3	17	1	1	2024	1	
2024-01-18	3	4	18	1	1	2024	1	
2024-01-19	3	5	19	1	1	2024	1	
2024-01-20	3	6	20	1	1	2024	0	
2024-01-21	3	7	21	1	1	2024	0	
2024-01-22	4	1	22	1	1	2024	1	
2024-01-23	4	2	23	1	1	2024	1	
2024-01-24	4	3	24	1	1	2024	1	
2024-01-25	4	4	25	1	1	2024	1	
2024-01-26	4	5	26	1	1	2024	1	
2024-01-27	4	6	27	1	1	2024	0	
2024-01-28	4	7	28	1	1	2024	0	
2024-01-29	5	1	29	1	1	2024	1	
2024-01-30	5	2	30	1	1	2024	1	
2024-01-31	5	3	31	1	1	2024	1	
2024-02-01	1	4	1	2	1	2024	1	
2024-02-02	1	5	2	2	1	2024	1	
2024-02-03	1	6	3	2	1	2024	0	
2024-02-04	1	7	4	2	1	2024	1	
2024-02-05	2	1	5	2	1	2024	1	
2024-02-06	2	2	6	2	1	2024	1	
2024-02-07	2	3	7	2	1	2024	1	
2024-02-08	2	4	8	2	1	2024	1	
2024-02-09	2	5	9	2	1	2024	1	
2024-02-10	2	6	10	2	1	2024	0	春节
2024-02-11	2	7	11	2	1	2024	0	春节
2024-02-12	3	1	12	2	1	2024	0	春节
2024-02-13	3	2	13	2	1	2024	0	春节
2024-02-14	3	3	14	2	1	2024	0	春节
2024-02-15	3	4	15	2	1	2024	0	春节
2024-02-16	3	5	16	2	1	2024	0	春节
2024-02-17	3	6	17	2	1	2024	0	春节
2024-02-18	3	7	18	2	1	2024	1	
2024-02-19	4	1	19	2	1	2024	1	
2024-02-20	4	2	20	2	1	2024	1	
2024-02-21	4	3	21	2	1	2024	1	
2024-02-22	4	4	22	2	1	2024	1	
2024-02-23	4	5	23	2	1	2024	1	
2024-02-24	4	6	24	2	1	2024	0	
2024-02-25	4	7	25	2	1	2024	0	
2024-02-26	5	1	26	2	1	2024	1	
2024-02-27	5	2	27	2	1	2024	1	
2024-02-28	5	3	28	2	1	2024	1	
2024-02-29	5	4	29	2	1	2024	1	
2024-03-01	1	5	1	3	1	2024	1	
2024-03-02	1	6	2	3	1	2024	0	
2024-03-03	1	7	3	3	1	2024	0	
2024-03-04	2	1	4	3	1	2024	1	
2024-03-05	2	2	5	3	1	2024	1	
2024-03-06	2	3	6	3	1	2024	1	
2024-03-07	2	4	7	3	1	2024	1	
2024-03-08	2	5	8	3	1	2024	1	
2024-03-09	2	6	9	3	1	2024	0	
2024-03-10	2	7	10	3	1	2024	0	
2024-03-11	3	1	11	3	1	2024	1	
2024-03-12	3	2	12	3	1	2024	1	
2024-03-13	3	3	13	3	1	2024	1	
2024-03-14	3	4	14	3	1	2024	1	
2024-03-15	3	5	15	3	1	2024	1	
2024-03-16	3	6	16	3	1	2024	0	
2024-03-17	3	7	17	3	1	2024	0	
2024-03-18	4	1	18	3	1	2024	1	
2024-03-19	4	2	19	3	1	2024	1	
2024-03-20	4	3	20	3	1	2024	1	
2024-03-21	4	4	21	3	1	2024	1	
2024-03-22	4	5	22	3	1	2024	1	
2024-03-23	4	6	23	3	1	2024	0	
2024-03-24	4	7	24	3	1	2024	0	
2024-03-25	5	1	25	3	1	2024	1	
2024-03-26	5	2	26	3	1	2024	1	
2024-03-27	5	3	27	3	1	2024	1	
2024-03-28	5	4	28	3	1	2024	1	
2024-03-29	5	5	29	3	1	2024	1	
2024-03-30	5	6	30	3	1	2024	0	
2024-03-31	5	7	31	3	1	2024	0	
2024-04-01	1	1	1	4	2	2024	1	
2024-04-02	1	2	2	4	2	2024	1	
2024-04-03	1	3	3	4	2	2024	1	
2024-04-04	1	4	4	4	2	2024	0	清明节
2024-04-05	1	5	5	4	2	2024	0	清明节
2024-04-06	1	6	6	4	2	2024	0	清明节
2024-04-07	1	7	7	4	2	2024	1	
2024-04-08	2	1	8	4	2	2024	1	
2024-04-09	2	2	9	4	2	2024	1	
2024-04-10	2	3	10	4	2	2024	1	
2024-04-11	2	4	11	4	2	2024	1	
2024-04-12	2	5	12	4	2	2024	1	
2024-04-13	2	6	13	4	2	2024	0	
2024-04-14	2	7	14	4	2	2024	0	
2024-04-15	3	1	15	4	2	2024	1	
2024-04-16	3	2	16	4	2	2024	1	
2024-04-17	3	3	17	4	2	2024	1	
2024-04-18	3	4	18	4	2	2024	1	
2024-04-19	3	5	19	4	2	2024	1	
2024-04-20	3	6	20	4	2	2024	0	
2024-04-21	3	7	21	4	2	2024	0	
2024-04-22	4	1	22	4	2	2024	1	
2024-04-23	4	2	23	4	2	2024	1	
2024-04-24	4	3	24	4	2	2024	1	
2024-04-25	4	4	25	4	2	2024	1	
2024-04-26	4	5	26	4	2	2024	1	
2024-04-27	4	6	27	4	2	2024	0	
2024-04-28	4	7	28	4	2	2024	1	
2024-04-29	5	1	29	4	2	2024	1	
2024-04-30	5	2	30	4	2	2024	1	
2024-05-01	1	3	1	5	2	2024	0	劳动节
2024-05-02	1	4	2	5	2	2024	0	劳动节
2024-05-03	1	5	3	5	2	2024	0	劳动节
2024-05-04	1	6	4	5	2	2024	0	劳动节
2024-05-05	1	7	5	5	2	2024	0	劳动节
2024-05-06	2	1	6	5	2	2024	1	
2024-05-07	2	2	7	5	2	2024	1	
2024-05-08	2	3	8	5	2	2024	1	
2024-05-09	2	4	9	5	2	2024	1	
2024-05-10	2	5	10	5	2	2024	1	
2024-05-11	2	6	11	5	2	2024	1	
2024-05-12	2	7	12	5	2	2024	0	
2024-05-13	3	1	13	5	2	2024	1	
2024-05-14	3	2	14	5	2	2024	1	
2024-05-15	3	3	15	5	2	2024	1	
2024-05-16	3	4	16	5	2	2024	1	
2024-05-17	3	5	17	5	2	2024	1	
2024-05-18	3	6	18	5	2	2024	0	
2024-05-19	3	7	19	5	2	2024	0	
2024-05-20	4	1	20	5	2	2024	1	
2024-05-21	4	2	21	5	2	2024	1	
2024-05-22	4	3	22	5	2	2024	1	
2024-05-23	4	4	23	5	2	2024	1	
2024-05-24	4	5	24	5	2	2024	1	
2024-05-25	4	6	25	5	2	2024	0	
2024-05-26	4	7	26	5	2	2024	0	
2024-05-27	5	1	27	5	2	2024	1	
2024-05-28	5	2	28	5	2	2024	1	
2024-05-29	5	3	29	5	2	2024	1	
2024-05-30	5	4	30	5	2	2024	1	
2024-05-31	5	5	31	5	2	2024	1	
2024-06-01	1	6	1	6	2	2024	0	
2024-06-02	1	7	2	6	2	2024	0	
2024-06-03	2	1	3	6	2	2024	1	
2024-06-04	2	2	4	6	2	2024	1	
2024-06-05	2	3	5	6	2	2024	1	
2024-06-06	2	4	6	6	2	2024	1	
2024-06-07	2	5	7	6	2	2024	1	
2024-06-08	2	6	8	6	2	2024	0	端午节
2024-06-09	2	7	9	6	2	2024	0	端午节
2024-06-10	3	1	10	6	2	2024	0	端午节
2024-06-11	3	2	11	6	2	2024	1	
2024-06-12	3	3	12	6	2	2024	1	
2024-06-13	3	4	13	6	2	2024	1	
2024-06-14	3	5	14	6	2	2024	1	
2024-06-15	3	6	15	6	2	2024	0	
2024-06-16	3	7	16	6	2	2024	0	
2024-06-17	4	1	17	6	2	2024	1	
2024-06-18	4	2	18	6	2	2024	1	
2024-06-19	4	3	19	6	2	2024	1	
2024-06-20	4	4	20	6	2	2024	1	
2024-06-21	4	5	21	6	2	2024	1	
2024-06-22	4	6	22	6	2	2024	0	
2024-06-23	4	7	23	6	2	2024	0	
2024-06-24	5	1	24	6	2	2024	1	
2024-06-25	5	2	25	6	2	2024	1	
2024-06-26	5	3	26	6	2	2024	1	
2024-06-27	5	4	27	6	2	2024	1	
2024-06-28	5	5	28	6	2	2024	1	
2024-06-29	5	6	29	6	2	2024	0	
2024-06-30	5	7	30	6	2	2024	0	
2024-07-01	1	1	1	7	3	2024	1	
2024-07-02	1	2	2	7	3	2024	1	
2024-07-03	1	3	3	7	3	2024	1	
2024-07-04	1	4	4	7	3	2024	1	
2024-07-05	1	5	5	7	3	2024	1	
2024-07-06	1	6	6	7	3	2024	0	
2024-07-07	1	7	7	7	3	2024	0	
2024-07-08	2	1	8	7	3	2024	1	
2024-07-09	2	2	9	7	3	2024	1	
2024-07-10	2	3	10	7	3	2024	1	
2024-07-11	2	4	11	7	3	2024	1	
2024-07-12	2	5	12	7	3	2024	1	
2024-07-13	2	6	13	7	3	2024	0	
2024-07-14	2	7	14	7	3	2024	0	
2024-07-15	3	1	15	7	3	2024	1	
2024-07-16	3	2	16	7	3	2024	1	
2024-07-17	3	3	17	7	3	2024	1	
2024-07-18	3	4	18	7	3	2024	1	
2024-07-19	3	5	19	7	3	2024	1	
2024-07-20	3	6	20	7	3	2024	0	
2024-07-21	3	7	21	7	3	2024	0	
2024-07-22	4	1	22	7	3	2024	1	
2024-07-23	4	2	23	7	3	2024	1	
2024-07-24	4	3	24	7	3	2024	1	
2024-07-25	4	4	25	7	3	2024	1	
2024-07-26	4	5	26	7	3	2024	1	
2024-07-27	4	6	27	7	3	2024	0	
2024-07-28	4	7	28	7	3	2024	0	
2024-07-29	5	1	29	7	3	2024	1	
2024-07-30	5	2	30	7	3	2024	1	
2024-07-31	5	3	31	7	3	2024	1	
